180 74 4294967234 8 4294967274 87 4294967234 0 4294967232 145 4294967256 4294967253 4294966970 4294966146 4294967236 4294967229 132 4294967273 4294967275 4294967260 35 15 4294967291 4294967270 3 18 6 4294967282 4294967283 11 13 4294967295 4294967278 4294967295 13 11 4294967283 4294967282 6 18 3 4294967270 4294967291 15 35 4294967260 4294967275 4294967273 132 4294967229 4294967236 4294966146 4294966970 4294967253 4294967256 145 4294967232 0 4294967234 87 4294967274 8 4294967234 74 0 0 0 0 0 0 0 0 0 0 0 0 0 0 0 0 0 0 0 0 0 0 0 0 0 0 0 0 0 0 0 0 0 0 0 0 
4294967200 13 4294967272 4 4294967291 18 4294967288 2 4294967274 24 3 19 4294967164 4294967091 22 4294967240 30 1 7 4294967277 4 2 8 4294967288 4294967294 0 8 4294967295 4294967292 4294967294 5 3 4294967293 4294967292 1 6 0 4294967292 4294967293 6 3 4294967294 4294967287 3 7 5 4294967282 4294967290 9 34 4294967255 4294967183 46 4294967264 4294967277 14 11 0 4294967282 4294967295 6 15 4294967288 4294967270 0 0 0 0 0 0 0 0 0 0 0 0 0 0 0 0 0 0 0 0 0 0 0 0 0 0 0 0 0 0 0 0 0 0 0 0 
37 15 4294967283 2 5 3 4294967287 4294967294 8 9 4294967285 4294967272 45 4294967260 4294967269 29 4294967295 4294967293 4294967288 7 1 1 4294967290 1 1 2 4294967293 0 0 3 0 4294967295 4294967295 1 1 4294967295 4294967295 0 3 0 0 4294967292 5 0 2 4294967285 6 0 17 4294967259 20 4294967186 4294967208 18 7 9 4294967279 1 3 8 4294967287 4294967292 8 0 0 0 0 0 0 0 0 0 0 0 0 0 0 0 0 0 0 0 0 0 0 0 0 0 0 0 0 0 0 0 0 0 0 0 0 0 
4294967101 4294967238 13 13 3 4294967278 4 4 9 4294967280 0 3 30 80 1 4 4294967291 1 0 0 0 0 0 4294967295 1 0 0 4294967294 1 0 1 4294967294 0 0 1 4294967294 0 0 2 4294967295 4294967295 0 2 0 4294967293 0 2 4 4294967288 0 3 85 24 0 4294967295 4294967289 9 0 4294967291 4294967291 9 11 4294967268 4294967294 0 0 0 0 0 0 0 0 0 0 0 0 0 0 0 0 0 0 0 0 0 0 0 0 0 0 0 0 0 0 0 0 0 0 0 0 
280 36 21 4294967275 4294967288 7 9 4294967293 4294967289 4294967295 7 5 4294967290 27 8 0 4294967290 0 2 4 4294967294 4294967294 0 4 0 4294967294 4294967294 3 1 0 4294967292 1 2 1 4294967292 0 1 3 4294967293 4294967295 0 5 4294967294 4294967294 4294967294 6 0 4294967295 4294967287 10 0 38 13 0 4 4294967295 4294967292 4294967293 7 6 4294967290 4294967276 18 38 0 0 0 0 0 0 0 0 0 0 0 0 0 0 0 0 0 0 0 0 0 0 0 0 0 0 0 0 0 0 0 0 0 0 0 0 
4294967185 4294967285 4294967287 7 1 0 4294967293 1 4294967294 4 0 4 4294967268 4294967249 4 4294967283 8 0 1 4294967291 1 1 2 4294967293 0 0 2 4294967295 4294967295 0 2 0 4294967295 4294967295 1 1 0 4294967294 0 1 0 4294967295 4294967295 1 2 0 4294967293 0 3 6 4294967286 4294967270 11 4294967289 4294967290 2 5 1 4294967290 4294967294 4 9 4294967287 4294967280 0 0 0 0 0 0 0 0 0 0 0 0 0 0 0 0 0 0 0 0 0 0 0 0 0 0 0 0 0 0 0 0 0 0 0 0 
408 246 4294967177 4294967264 11 56 4294967270 4294967278 4294967287 37 4294967291 4294967281 4294967286 0 4294967295 4 4294967278 7 5 6 4294967281 0 4 10 4294967286 4294967292 1 12 4294967292 4294967289 4294967293 11 1 4294967290 4294967289 7 7 4294967293 4294967287 1 10 0 4294967287 4294967291 12 4 4294967291 4294967282 13 2 6 4294967238 4294967273 17 17 4294967274 4294967281 8 43 4294967270 4294967261 4294967272 167 4294967166 0 0 0 0 0 0 0 0 0 0 0 0 0 0 0 0 0 0 0 0 0 0 0 0 0 0 0 0 0 0 0 0 0 0 0 0 
621 164 4294967277 4294967250 4294967289 36 1 4294967283 4294967281 16 6 4294967293 4294967289 25 5 8 4294967280 0 3 10 4294967286 4294967293 0 11 4294967292 4294967292 4294967292 10 0 4294967293 4294967289 7 3 0 4294967287 2 5 3 4294967287 4294967295 4 7 4294967290 4294967290 1 9 0 4294967288 4294967293 8 8 1 4294967285 10 16 4294967288 4294967279 4294967294 30 1 4294967269 4294967253 100 6 0 0 0 0 0 0 0 0 0 0 0 0 0 0 0 0 0 0 0 0 0 0 0 0 0 0 0 0 0 0 0 0 0 0 0 0 
4294967254 4294967283 4 2 0 4294967291 1 0 2 4294967291 0 1 10 31 1 1 4294967294 0 0 0 0 0 0 0 0 0 0 0 0 0 0 0 0 0 0 0 0 0 0 0 0 0 0 0 4294967295 0 0 1 4294967293 0 1 32 9 0 0 4294967293 2 0 0 4294967294 2 2 4294967291 0 0 0 0 0 0 0 0 0 0 0 0 0 0 0 0 0 0 0 0 0 0 0 0 0 0 0 0 0 0 0 0 0 0 0 0 0 
4294967242 24 4294967270 2 3 6 4294967290 4294967295 4294967295 6 0 1 4294967279 4294967282 4 4294967287 1 2 2 4294967293 4294967295 0 2 0 4294967294 0 2 0 4294967295 4294967295 1 1 0 4294967294 0 2 0 4294967294 4294967295 1 2 4294967295 4294967294 0 2 0 4294967293 4294967294 2 6 4294967290 4294967290 13 4294967293 4294967295 4294967292 3 2 2 4294967288 0 5 18 4294967258 0 0 0 0 0 0 0 0 0 0 0 0 0 0 0 0 0 0 0 0 0 0 0 0 0 0 0 0 0 0 0 0 0 0 0 0 
4294967252 4294967260 18 4 4294967294 4294967289 2 2 1 4294967294 0 0 1 4294967276 4294967293 1 4 4294967294 4294967294 0 3 0 4294967295 4294967295 1 1 0 4294967294 0 1 0 4294967294 0 1 1 4294967295 4294967295 0 1 0 4294967295 0 1 1 4294967295 4294967294 1 1 1 4294967291 0 4294967277 4294967286 4294967295 4294967294 7 0 4294967295 4294967289 7 4 2 4294967269 25 0 0 0 0 0 0 0 0 0 0 0 0 0 0 0 0 0 0 0 0 0 0 0 0 0 0 0 0 0 0 0 0 0 0 0 0 
47 16 4294967292 4294967293 0 3 4294967295 4294967295 0 2 0 4294967294 2 4294967295 4294967295 2 4294967295 0 0 1 0 0 0 1 0 0 0 0 0 0 0 0 0 0 0 0 0 0 0 0 0 0 0 0 0 0 0 0 1 4294967295 1 4294967287 4294967289 2 1 0 4294967294 0 3 0 4294967293 4294967293 10 4294967294 0 0 0 0 0 0 0 0 0 0 0 0 0 0 0 0 0 0 0 0 0 0 0 0 0 0 0 0 0 0 0 0 0 0 0 0 
22 4294967291 8 4294967295 0 4294967293 3 0 1 4294967292 1 0 11 26 0 4 4294967293 0 0 1 0 0 0 0 0 0 0 0 0 0 0 0 0 0 0 0 0 0 0 0 0 0 0 0 4294967295 0 1 0 4294967293 0 3 23 1 1 1 4294967295 0 0 0 0 0 4294967294 4294967294 9 0 0 0 0 0 0 0 0 0 0 0 0 0 0 0 0 0 0 0 0 0 0 0 0 0 0 0 0 0 0 0 0 0 0 0 0 
4294967278 13 4294967284 0 1 3 4294967294 0 4294967295 2 0 1 4294967287 4294967295 3 4294967291 0 1 1 4294967295 4294967295 0 1 0 4294967295 0 1 0 0 4294967295 0 1 0 4294967295 0 1 0 0 0 0 1 0 4294967295 0 1 1 4294967295 4294967295 0 5 4294967293 5 11 4294967295 0 4294967293 2 1 1 4294967292 0 2 10 4294967278 0 0 0 0 0 0 0 0 0 0 0 0 0 0 0 0 0 0 0 0 0 0 0 0 0 0 0 0 0 0 0 0 0 0 0 0 
4294967280 4294967284 6 1 4294967295 4294967294 0 0 0 0 0 0 4294967293 4294967283 0 0 2 0 0 0 1 0 0 0 0 0 0 0 0 0 0 0 0 0 0 0 0 0 0 0 0 0 0 0 0 0 0 0 0 0 0 4294967287 4294967294 4294967295 4294967295 2 0 0 4294967293 2 1 1 4294967287 9 0 0 0 0 0 0 0 0 0 0 0 0 0 0 0 0 0 0 0 0 0 0 0 0 0 0 0 0 0 0 0 0 0 0 0 0 
4294967291 3 4294967292 0 0 1 4294967295 0 0 2 4294967295 4294967295 4294967295 4294967284 4294967295 0 1 0 0 0 0 0 0 0 0 0 0 0 0 0 0 0 0 0 0 0 0 0 0 0 0 0 0 0 0 0 0 0 2 4294967294 0 4294967280 4294967290 0 0 1 4294967295 0 0 0 0 0 1 4294967293 0 0 0 0 0 0 0 0 0 0 0 0 0 0 0 0 0 0 0 0 0 0 0 0 0 0 0 0 0 0 0 0 0 0 0 0 
30 4294967293 8 4294967295 0 4294967294 2 0 1 4294967293 0 0 10 18 4294967295 4 4294967294 0 0 1 0 0 4294967295 0 0 0 4294967295 0 0 0 0 0 0 0 0 0 0 0 0 0 0 0 0 0 4294967295 0 1 0 4294967295 4294967294 3 13 4294967294 2 1 0 4294967295 0 0 1 0 4294967294 4294967294 10 0 0 0 0 0 0 0 0 0 0 0 0 0 0 0 0 0 0 0 0 0 0 0 0 0 0 0 0 0 0 0 0 0 0 0 0 
4294967286 8 4294967289 0 1 1 4294967295 0 0 0 0 1 4294967293 6 2 4294967294 0 0 1 0 0 0 1 0 0 0 0 0 0 0 0 0 0 0 0 0 0 0 0 0 0 0 0 0 0 0 0 0 0 3 4294967295 9 8 0 0 4294967294 1 0 1 4294967293 0 1 6 4294967285 0 0 0 0 0 0 0 0 0 0 0 0 0 0 0 0 0 0 0 0 0 0 0 0 0 0 0 0 0 0 0 0 0 0 0 0 
1 4294967293 3 0 0 0 0 0 0 0 0 1 4294967293 4294967292 1 4294967295 1 0 0 0 0 0 0 0 0 0 0 0 0 0 0 0 0 0 0 0 0 0 0 0 0 0 0 0 0 0 0 0 0 1 4294967295 0 2 4294967295 0 0 0 0 4294967295 0 0 0 4294967293 4 0 0 0 0 0 0 0 0 0 0 0 0 0 0 0 0 0 0 0 0 0 0 0 0 0 0 0 0 0 0 0 0 0 0 0 0 
4294967273 0 4294967292 1 0 1 4294967294 0 0 2 4294967295 4294967295 4294967292 4294967279 4294967295 4294967295 2 0 0 0 0 0 0 0 0 0 0 0 0 0 0 0 0 0 0 0 0 0 0 0 0 0 0 0 0 4294967295 0 0 2 4294967295 4294967295 4294967278 4294967292 0 0 1 0 0 4294967295 0 0 2 0 4294967291 0 0 0 0 0 0 0 0 0 0 0 0 0 0 0 0 0 0 0 0 0 0 0 0 0 0 0 0 0 0 0 0 0 0 0 0 
25 4294967293 6 4294967295 0 4294967295 1 0 0 4294967295 0 4294967295 8 10 4294967295 4 4294967295 0 0 1 0 0 0 0 0 0 0 0 0 0 0 0 0 0 0 0 0 0 0 0 0 0 0 0 0 0 1 0 0 4294967294 3 4 4294967291 2 1 0 4294967295 0 0 2 0 4294967294 4294967294 9 0 0 0 0 0 0 0 0 0 0 0 0 0 0 0 0 0 0 0 0 0 0 0 0 0 0 0 0 0 0 0 0 0 0 0 0 
4294967289 3 4294967293 0 0 0 0 0 0 0 0 0 0 8 0 0 4294967295 0 0 0 0 0 0 0 0 0 0 0 0 0 0 0 0 0 0 0 0 0 0 0 0 0 0 0 0 0 0 0 0 1 0 8 4 0 0 4294967294 0 0 1 4294967294 0 0 3 4294967290 0 0 0 0 0 0 0 0 0 0 0 0 0 0 0 0 0 0 0 0 0 0 0 0 0 0 0 0 0 0 0 0 0 0 0 0 
14 0 2 4294967295 0 0 1 0 0 0 1 1 4294967294 3 1 4294967295 0 0 0 0 0 0 0 0 0 0 0 0 0 0 0 0 0 0 0 0 0 0 0 0 0 0 0 0 0 0 0 0 4294967295 2 0 8 5 0 0 0 0 0 0 0 0 0 0 2 0 0 0 0 0 0 0 0 0 0 0 0 0 0 0 0 0 0 0 0 0 0 0 0 0 0 0 0 0 0 0 0 0 0 0 0 
4294967268 0 4294967292 2 0 1 4294967294 0 0 2 0 0 4294967290 4294967279 0 4294967294 2 0 0 4294967295 0 0 0 0 0 0 0 0 0 0 0 0 0 0 0 0 0 0 0 0 0 0 0 0 0 0 0 0 2 0 4294967295 4294967280 4294967295 4294967295 4294967295 1 0 0 4294967295 0 0 2 4294967295 4294967290 0 0 0 0 0 0 0 0 0 0 0 0 0 0 0 0 0 0 0 0 0 0 0 0 0 0 0 0 0 0 0 0 0 0 0 0 
19 4294967294 4 0 0 0 0 0 0 0 0 4294967295 5 2 4294967295 3 0 0 0 1 0 0 0 0 0 0 0 0 0 0 0 0 0 0 0 0 0 0 0 0 0 0 0 0 0 0 0 0 0 4294967294 2 4294967294 4294967291 1 0 1 4294967295 0 0 2 0 4294967295 4294967294 7 0 0 0 0 0 0 0 0 0 0 0 0 0 0 0 0 0 0 0 0 0 0 0 0 0 0 0 0 0 0 0 0 0 0 0 0 
4294967286 0 4294967295 0 0 0 0 0 0 0 0 0 3 6 0 0 0 0 0 0 0 0 0 0 0 0 0 0 0 0 0 0 0 0 0 0 0 0 0 0 0 0 0 0 0 0 0 0 0 0 0 4 0 0 0 4294967295 0 0 0 4294967295 0 0 1 4294967293 0 0 0 0 0 0 0 0 0 0 0 0 0 0 0 0 0 0 0 0 0 0 0 0 0 0 0 0 0 0 0 0 0 0 0 0 
23 2 2 4294967294 0 0 1 0 0 4294967295 1 1 0 10 1 0 4294967295 0 0 0 0 0 0 0 0 0 0 0 0 0 0 0 0 0 0 0 0 0 0 0 0 0 0 0 0 1 0 0 4294967294 2 0 13 5 0 0 4294967295 0 0 1 0 0 4294967295 2 2 0 0 0 0 0 0 0 0 0 0 0 0 0 0 0 0 0 0 0 0 0 0 0 0 0 0 0 0 0 0 0 0 0 0 0 0 
4294967269 0 4294967292 1 0 0 4294967295 0 0 1 0 0 4294967290 4294967282 0 4294967293 2 0 0 4294967295 0 0 0 0 0 0 0 0 0 0 0 0 0 0 0 0 0 0 0 0 0 0 0 0 0 0 0 0 1 0 4294967294 4294967286 0 4294967295 4294967295 0 0 0 4294967295 0 0 2 0 4294967290 0 0 0 0 0 0 0 0 0 0 0 0 0 0 0 0 0 0 0 0 0 0 0 0 0 0 0 0 0 0 0 0 0 0 0 0 
14 0 2 0 0 0 0 0 0 0 0 0 1 4294967293 4294967295 1 0 0 0 0 0 0 0 0 0 0 0 0 0 0 0 0 0 0 0 0 0 0 0 0 0 0 0 0 0 0 0 0 0 4294967295 0 4294967290 4294967292 0 0 1 4294967295 0 0 1 0 4294967295 4294967295 4 0 0 0 0 0 0 0 0 0 0 0 0 0 0 0 0 0 0 0 0 0 0 0 0 0 0 0 0 0 0 0 0 0 0 0 0 
4294967281 4294967294 0 1 0 0 0 0 1 0 0 4294967295 4 2 4294967295 1 0 0 0 0 0 0 0 0 0 0 0 0 0 0 0 0 0 0 0 0 0 0 0 0 0 0 0 0 0 0 0 0 0 4294967294 1 4294967295 4294967293 1 0 0 0 0 0 0 0 0 4294967295 4294967295 0 0 0 0 0 0 0 0 0 0 0 0 0 0 0 0 0 0 0 0 0 0 0 0 0 0 0 0 0 0 0 0 0 0 0 0 
28 3 2 4294967294 0 0 1 0 0 4294967295 1 1 2 15 1 0 4294967294 0 0 0 0 0 0 0 0 0 0 0 0 0 0 0 0 0 0 0 0 0 0 0 0 0 0 0 0 1 0 0 4294967294 1 0 16 4 0 0 4294967295 0 0 1 0 0 4294967294 2 3 0 0 0 0 0 0 0 0 0 0 0 0 0 0 0 0 0 0 0 0 0 0 0 0 0 0 0 0 0 0 0 0 0 0 0 0 
4294967274 0 4294967293 1 0 0 0 0 0 1 0 0 4294967291 4294967288 1 4294967294 1 0 0 4294967295 0 0 0 0 0 0 0 0 0 0 0 0 0 0 0 0 0 0 0 0 0 0 0 0 0 0 0 0 0 1 4294967294 4294967292 3 4294967295 4294967295 0 1 0 0 4294967295 0 2 0 4294967291 0 0 0 0 0 0 0 0 0 0 0 0 0 0 0 0 0 0 0 0 0 0 0 0 0 0 0 0 0 0 0 0 0 0 0 0 
12 2 0 0 0 0 0 0 0 0 0 0 4294967294 4294967290 0 0 0 0 0 0 0 0 0 0 0 0 0 0 0 0 0 0 0 0 0 0 0 0 0 0 0 0 0 0 0 0 0 0 0 0 0 4294967290 4294967294 0 0 0 0 0 0 0 0 0 0 2 0 0 0 0 0 0 0 0 0 0 0 0 0 0 0 0 0 0 0 0 0 0 0 0 0 0 0 0 0 0 0 0 0 0 0 0 
4294967274 4294967291 0 2 0 4294967295 0 0 1 0 4294967295 4294967295 3 4294967292 4294967294 1 0 0 0 0 0 0 0 0 0 0 0 0 0 0 0 0 0 0 0 0 0 0 0 0 0 0 0 0 0 4294967295 0 0 1 4294967294 1 4294967288 4294967291 0 0 1 0 0 0 0 0 1 4294967293 0 0 0 0 0 0 0 0 0 0 0 0 0 0 0 0 0 0 0 0 0 0 0 0 0 0 0 0 0 0 0 0 0 0 0 0 0 
28 3 2 4294967294 0 0 1 0 0 4294967295 0 0 4 16 0 1 4294967294 0 0 1 0 0 0 0 0 0 0 0 0 0 0 0 0 0 0 0 0 0 0 0 0 0 0 0 0 0 0 0 4294967294 0 1 15 2 1 1 4294967295 0 0 1 0 0 4294967294 2 3 0 0 0 0 0 0 0 0 0 0 0 0 0 0 0 0 0 0 0 0 0 0 0 0 0 0 0 0 0 0 0 0 0 0 0 0 
4294967281 4294967295 4294967295 0 0 0 0 0 0 0 0 1 4294967293 4294967295 1 4294967294 0 0 0 0 0 0 0 0 0 0 0 0 0 0 0 0 0 0 0 0 0 0 0 0 0 0 0 0 0 0 0 0 0 1 4294967295 2 4 4294967295 0 0 1 0 0 0 0 1 0 4294967294 0 0 0 0 0 0 0 0 0 0 0 0 0 0 0 0 0 0 0 0 0 0 0 0 0 0 0 0 0 0 0 0 0 0 0 0 
14 4 4294967295 4294967295 0 1 0 0 4294967295 1 0 0 4294967292 4294967290 0 4294967295 0 0 0 0 0 0 0 0 0 0 0 0 0 0 0 0 0 0 0 0 0 0 0 0 0 0 0 0 0 0 0 0 0 1 4294967295 4294967293 1 0 0 0 0 0 0 0 0 0 2 0 0 0 0 0 0 0 0 0 0 0 0 0 0 0 0 0 0 0 0 0 0 0 0 0 0 0 0 0 0 0 0 0 0 0 0 0 
4294967269 4294967290 0 2 0 0 4294967295 0 0 0 4294967295 4294967295 0 4294967286 4294967294 0 1 0 0 0 0 0 0 0 0 0 0 0 0 0 0 0 0 0 0 0 0 0 0 0 0 0 0 0 0 4294967295 0 0 2 4294967293 0 4294967282 4294967290 0 0 1 0 0 4294967295 0 0 1 4294967292 0 0 0 0 0 0 0 0 0 0 0 0 0 0 0 0 0 0 0 0 0 0 0 0 0 0 0 0 0 0 0 0 0 0 0 0 0 
23 2 2 4294967295 0 0 1 0 0 4294967295 0 0 5 13 0 2 4294967294 0 0 1 0 0 0 0 0 0 0 0 0 0 0 0 0 0 0 0 0 0 0 0 0 0 0 0 0 0 0 0 4294967295 0 1 10 0 1 1 4294967295 0 0 1 0 0 4294967294 2 2 0 0 0 0 0 0 0 0 0 0 0 0 0 0 0 0 0 0 0 0 0 0 0 0 0 0 0 0 0 0 0 0 0 0 0 0 
4294967286 4294967293 1 0 0 4294967295 0 0 0 4294967295 0 0 0 4 0 0 0 0 0 0 0 0 0 0 0 0 0 0 0 0 0 0 0 0 0 0 0 0 0 0 0 0 0 0 0 0 0 0 0 0 0 6 3 0 0 0 0 0 0 0 0 0 4294967295 0 0 0 0 0 0 0 0 0 0 0 0 0 0 0 0 0 0 0 0 0 0 0 0 0 0 0 0 0 0 0 0 0 0 0 0 0 
19 7 4294967294 4294967295 0 2 0 0 4294967295 1 0 1 4294967291 4294967294 2 4294967294 0 0 0 0 0 0 0 0 0 0 0 0 0 0 0 0 0 0 0 0 0 0 0 0 0 0 0 0 0 1 0 0 0 3 4294967295 2 5 4294967295 0 0 0 0 0 0 0 0 4 4294967294 0 0 0 0 0 0 0 0 0 0 0 0 0 0 0 0 0 0 0 0 0 0 0 0 0 0 0 0 0 0 0 0 0 0 0 0 
4294967268 4294967290 4294967295 2 0 0 4294967295 0 0 1 4294967295 4294967295 4294967295 4294967280 4294967295 0 2 0 0 0 0 0 0 0 0 0 0 0 0 0 0 0 0 0 0 0 0 0 0 0 0 0 0 0 0 4294967295 0 0 2 4294967294 0 4294967279 4294967290 0 0 2 0 0 4294967294 1 0 2 4294967292 0 0 0 0 0 0 0 0 0 0 0 0 0 0 0 0 0 0 0 0 0 0 0 0 0 0 0 0 0 0 0 0 0 0 0 0 0 
14 2 0 0 0 0 0 0 0 0 0 0 5 8 0 2 4294967295 0 0 0 0 0 0 0 0 0 0 0 0 0 0 0 0 0 0 0 0 0 0 0 0 0 0 0 0 0 0 0 0 4294967295 1 3 4294967294 1 1 0 0 0 1 0 0 4294967295 2 0 0 0 0 0 0 0 0 0 0 0 0 0 0 0 0 0 0 0 0 0 0 0 0 0 0 0 0 0 0 0 0 0 0 0 0 0 
4294967289 4294967290 3 0 0 4294967294 1 0 0 4294967294 0 0 4 8 0 1 0 0 0 0 0 0 0 0 0 0 0 0 0 0 0 0 0 0 0 0 0 0 0 0 0 0 0 0 0 0 0 0 4294967295 0 0 8 0 0 0 0 0 0 0 0 0 0 4294967293 3 0 0 0 0 0 0 0 0 0 0 0 0 0 0 0 0 0 0 0 0 0 0 0 0 0 0 0 0 0 0 0 0 0 0 0 0 
25 9 4294967294 4294967294 0 2 0 0 4294967295 0 1 2 4294967291 4 3 4294967294 0 0 1 0 0 0 0 0 0 0 0 0 0 0 0 0 0 0 0 0 0 0 0 0 0 0 0 0 0 1 0 0 4294967295 4 4294967295 10 8 4294967295 0 4294967295 0 0 1 4294967295 0 4294967295 6 4294967293 0 0 0 0 0 0 0 0 0 0 0 0 0 0 0 0 0 0 0 0 0 0 0 0 0 0 0 0 0 0 0 0 0 0 0 0 
4294967273 4294967291 0 2 0 0 4294967295 0 0 1 0 0 4294967292 4294967278 4294967295 4294967295 2 0 0 4294967295 0 0 0 0 0 0 0 0 0 0 0 0 0 0 0 0 0 0 0 0 0 0 0 0 0 0 0 0 2 4294967295 4294967295 4294967279 4294967292 4294967295 4294967295 2 0 0 4294967294 1 0 1 4294967292 0 0 0 0 0 0 0 0 0 0 0 0 0 0 0 0 0 0 0 0 0 0 0 0 0 0 0 0 0 0 0 0 0 0 0 0 0 
1 4 4294967293 0 0 0 4294967295 0 0 0 0 4294967295 2 0 4294967295 1 0 0 0 0 0 0 0 0 0 0 0 0 0 0 0 0 0 0 0 0 0 0 0 0 0 0 0 0 0 0 0 0 1 4294967295 1 4294967292 4294967293 1 0 0 0 0 0 0 0 0 3 4294967293 0 0 0 0 0 0 0 0 0 0 0 0 0 0 0 0 0 0 0 0 0 0 0 0 0 0 0 0 0 0 0 0 0 0 0 0 
4294967286 4294967285 6 1 0 4294967293 1 0 1 4294967294 0 0 8 9 4294967295 3 0 0 0 0 0 0 0 0 0 0 0 0 0 0 0 0 0 0 0 0 0 0 0 0 0 0 1 0 0 0 1 0 0 4294967294 2 6 4294967293 1 0 0 0 0 4294967295 1 1 0 4294967289 8 0 0 0 0 0 0 0 0 0 0 0 0 0 0 0 0 0 0 0 0 0 0 0 0 0 0 0 0 0 0 0 0 0 0 0 0 
30 10 4294967294 4294967294 0 1 0 0 4294967295 0 1 2 4294967294 13 3 4294967294 4294967295 0 1 0 4294967295 0 0 0 0 0 0 0 0 0 0 0 0 0 0 0 0 0 4294967295 0 0 0 4294967295 0 0 1 0 0 4294967294 4 4294967295 18 10 0 0 4294967293 1 0 2 4294967294 0 4294967295 8 4294967293 0 0 0 0 0 0 0 0 0 0 0 0 0 0 0 0 0 0 0 0 0 0 0 0 0 0 0 0 0 0 0 0 0 0 0 0 
4294967291 4294967293 1 0 0 0 0 0 4294967295 1 0 0 4294967290 4294967280 0 4294967294 2 0 0 0 0 0 0 0 0 0 0 0 0 0 0 0 0 0 0 0 0 0 0 0 0 0 0 0 0 0 0 0 1 0 4294967295 4294967284 4294967295 4294967295 4294967295 2 0 0 4294967295 1 0 0 4294967292 3 0 0 0 0 0 0 0 0 0 0 0 0 0 0 0 0 0 0 0 0 0 0 0 0 0 0 0 0 0 0 0 0 0 0 0 0 
4294967280 9 4294967287 1 1 2 4294967293 0 0 2 4294967295 4294967295 4294967294 4294967287 0 0 0 0 0 0 0 0 0 0 0 0 0 0 0 0 0 0 0 0 0 0 0 0 0 0 0 0 0 0 1 0 0 0 2 0 0 4294967283 4294967293 0 0 0 0 0 0 4294967294 4294967295 1 6 4294967284 0 0 0 0 0 0 0 0 0 0 0 0 0 0 0 0 0 0 0 0 0 0 0 0 0 0 0 0 0 0 0 0 0 0 0 0 
4294967278 4294967278 10 2 0 4294967292 1 1 2 4294967293 0 4294967295 11 5 4294967293 5 0 4294967295 4294967295 1 1 0 4294967295 0 1 0 0 0 0 1 0 4294967295 0 1 0 4294967295 0 0 1 0 4294967295 0 1 0 4294967295 4294967295 1 1 0 4294967291 3 4294967295 4294967287 1 0 2 4294967295 0 4294967294 3 1 0 4294967284 13 0 0 0 0 0 0 0 0 0 0 0 0 0 0 0 0 0 0 0 0 0 0 0 0 0 0 0 0 0 0 0 0 0 0 0 0 
22 9 4294967294 4294967294 0 0 0 0 0 4294967295 1 1 1 23 3 0 4294967293 0 1 0 4294967295 0 0 0 0 0 0 0 0 0 0 0 0 0 0 0 0 0 0 0 0 0 0 0 0 1 0 0 4294967293 4 0 26 11 0 1 4294967292 1 0 3 4294967293 0 4294967295 8 4294967291 0 0 0 0 0 0 0 0 0 0 0 0 0 0 0 0 0 0 0 0 0 0 0 0 0 0 0 0 0 0 0 0 0 0 0 0 
47 4294967294 10 4294967293 4294967293 0 3 0 4294967294 0 1 2 4294967289 4294967287 1 4294967295 1 0 0 0 0 0 0 0 0 0 0 0 0 0 0 0 0 0 0 0 0 0 0 0 0 1 0 0 0 1 0 0 4294967295 2 4294967295 4294967295 2 4294967294 0 2 0 4294967295 4294967295 3 0 4294967293 4294967292 16 0 0 0 0 0 0 0 0 0 0 0 0 0 0 0 0 0 0 0 0 0 0 0 0 0 0 0 0 0 0 0 0 0 0 0 0 
4294967252 25 4294967269 2 4 7 4294967289 4294967295 0 7 4294967294 4294967295 4294967286 4294967277 0 4294967291 1 1 1 4294967294 4294967295 1 1 0 4294967295 0 1 0 4294967295 4294967295 1 1 0 4294967294 0 1 0 4294967294 0 1 1 4294967295 4294967295 0 3 0 4294967294 4294967294 4 1 4294967293 4294967276 1 0 0 4294967294 1 2 2 4294967289 4294967294 4 18 4294967260 0 0 0 0 0 0 0 0 0 0 0 0 0 0 0 0 0 0 0 0 0 0 0 0 0 0 0 0 0 0 0 0 0 0 0 0 
4294967242 4294967258 18 5 0 4294967288 2 2 3 4294967292 4294967295 4294967293 13 4294967290 4294967290 6 2 4294967294 4294967293 0 2 0 4294967294 4294967295 2 1 4294967295 4294967294 0 2 0 4294967294 0 1 1 4294967295 4294967295 0 2 0 4294967294 0 2 0 4294967295 4294967293 2 2 1 4294967287 4 4294967282 4294967279 1 0 6 4294967295 4294967295 4294967290 6 3 2 4294967270 24 0 0 0 0 0 0 0 0 0 0 0 0 0 0 0 0 0 0 0 0 0 0 0 0 0 0 0 0 0 0 0 0 0 0 0 0 
4294967254 0 4294967291 2 2 4294967294 0 0 2 4294967293 0 0 9 32 1 0 4294967293 1 0 0 4294967295 0 0 0 0 0 0 0 0 0 0 0 0 0 0 0 0 0 0 0 0 0 0 0 0 0 0 0 4294967294 1 1 31 10 1 0 4294967291 2 0 1 4294967291 0 2 4 4294967283 0 0 0 0 0 0 0 0 0 0 0 0 0 0 0 0 0 0 0 0 0 0 0 0 0 0 0 0 0 0 0 0 0 0 0 0 
621 6 100 4294967253 4294967269 1 30 4294967294 4294967279 4294967288 16 10 4294967285 1 8 8 4294967293 4294967288 0 9 1 4294967290 4294967290 7 4 4294967295 4294967287 3 5 2 4294967287 0 3 7 4294967289 4294967293 0 10 4294967292 4294967292 4294967292 11 0 4294967293 4294967286 10 3 0 4294967280 8 5 25 4294967289 4294967293 6 16 4294967281 4294967283 1 36 4294967289 4294967250 4294967277 164 0 0 0 0 0 0 0 0 0 0 0 0 0 0 0 0 0 0 0 0 0 0 0 0 0 0 0 0 0 0 0 0 0 0 0 0 
408 4294967166 167 4294967272 4294967261 4294967270 43 8 4294967281 4294967274 17 17 4294967273 4294967238 6 2 13 4294967282 4294967291 4 12 4294967291 4294967287 0 10 1 4294967287 4294967293 7 7 4294967289 4294967290 1 11 4294967293 4294967289 4294967292 12 1 4294967292 4294967286 10 4 0 4294967281 6 5 7 4294967278 4 4294967295 0 4294967286 4294967281 4294967291 37 4294967287 4294967278 4294967270 56 11 4294967264 4294967177 246 0 0 0 0 0 0 0 0 0 0 0 0 0 0 0 0 0 0 0 0 0 0 0 0 0 0 0 0 0 0 0 0 0 0 0 0 
4294967185 4294967280 4294967287 9 4 4294967294 4294967290 1 5 2 4294967290 4294967289 11 4294967270 4294967286 6 3 0 4294967293 0 2 1 4294967295 4294967295 0 1 0 4294967294 0 1 1 4294967295 4294967295 0 2 0 4294967295 4294967295 2 0 0 4294967293 2 1 1 4294967291 1 0 8 4294967283 4 4294967249 4294967268 4 0 4 4294967294 1 4294967293 0 1 7 4294967287 4294967285 0 0 0 0 0 0 0 0 0 0 0 0 0 0 0 0 0 0 0 0 0 0 0 0 0 0 0 0 0 0 0 0 0 0 0 0 
280 38 18 4294967276 4294967290 6 7 4294967293 4294967292 4294967295 4 0 13 38 0 10 4294967287 4294967295 0 6 4294967294 4294967294 4294967294 5 0 4294967295 4294967293 3 1 0 4294967292 1 2 1 4294967292 0 1 3 4294967294 4294967294 0 4 0 4294967294 4294967294 4 2 0 4294967290 0 8 27 4294967290 5 7 4294967295 4294967289 4294967293 9 7 4294967288 4294967275 21 36 0 0 0 0 0 0 0 0 0 0 0 0 0 0 0 0 0 0 0 0 0 0 0 0 0 0 0 0 0 0 0 0 0 0 0 0 
4294967101 4294967294 4294967268 11 9 4294967291 4294967291 0 9 4294967289 4294967295 0 24 85 3 0 4294967288 4 2 0 4294967293 0 2 0 4294967295 4294967295 2 0 0 4294967294 1 0 0 4294967294 1 0 1 4294967294 0 0 1 4294967295 0 0 0 0 0 1 4294967291 4 1 80 30 3 0 4294967280 9 4 4 4294967278 3 13 13 4294967238 0 0 0 0 0 0 0 0 0 0 0 0 0 0 0 0 0 0 0 0 0 0 0 0 0 0 0 0 0 0 0 0 0 0 0 0 
37 0 8 4294967292 4294967287 8 3 1 4294967279 9 7 18 4294967208 4294967186 20 4294967259 17 0 6 4294967285 2 0 5 4294967292 0 0 3 0 4294967295 4294967295 1 1 4294967295 4294967295 0 3 0 0 4294967293 2 1 1 4294967290 1 1 7 4294967288 4294967293 4294967295 29 4294967269 4294967260 45 4294967272 4294967285 9 8 4294967294 4294967287 3 5 2 4294967283 15 0 0 0 0 0 0 0 0 0 0 0 0 0 0 0 0 0 0 0 0 0 0 0 0 0 0 0 0 0 0 0 0 0 0 0 0 
4294967200 4294967270 4294967288 15 6 4294967295 4294967282 0 11 14 4294967277 4294967264 46 4294967183 4294967255 34 9 4294967290 4294967282 5 7 3 4294967287 4294967294 3 6 4294967293 4294967292 0 6 1 4294967292 4294967293 3 5 4294967294 4294967292 4294967295 8 0 4294967294 4294967288 8 2 4 4294967277 7 1 30 4294967240 22 4294967091 4294967164 19 3 24 4294967274 2 4294967288 18 4294967291 4 4294967272 13 0 0 0 0 0 0 0 0 0 0 0 0 0 0 0 0 0 0 0 0 0 0 0 0 0 0 0 0 0 0 0 0 0 0 0 0 
0 0 0 0 0 0 0 0 0 0 0 0 0 0 0 0 0 0 0 0 0 0 0 0 0 0 0 0 0 0 0 0 0 0 0 0 0 0 0 0 0 0 0 0 0 0 0 0 0 0 0 0 0 0 0 0 0 0 0 0 0 0 0 0 0 0 0 0 0 0 0 0 0 0 0 0 0 0 0 0 0 0 0 0 0 0 0 0 0 0 0 0 0 0 0 0 0 0 0 0 
0 0 0 0 0 0 0 0 0 0 0 0 0 0 0 0 0 0 0 0 0 0 0 0 0 0 0 0 0 0 0 0 0 0 0 0 0 0 0 0 0 0 0 0 0 0 0 0 0 0 0 0 0 0 0 0 0 0 0 0 0 0 0 0 0 0 0 0 0 0 0 0 0 0 0 0 0 0 0 0 0 0 0 0 0 0 0 0 0 0 0 0 0 0 0 0 0 0 0 0 
0 0 0 0 0 0 0 0 0 0 0 0 0 0 0 0 0 0 0 0 0 0 0 0 0 0 0 0 0 0 0 0 0 0 0 0 0 0 0 0 0 0 0 0 0 0 0 0 0 0 0 0 0 0 0 0 0 0 0 0 0 0 0 0 0 0 0 0 0 0 0 0 0 0 0 0 0 0 0 0 0 0 0 0 0 0 0 0 0 0 0 0 0 0 0 0 0 0 0 0 
0 0 0 0 0 0 0 0 0 0 0 0 0 0 0 0 0 0 0 0 0 0 0 0 0 0 0 0 0 0 0 0 0 0 0 0 0 0 0 0 0 0 0 0 0 0 0 0 0 0 0 0 0 0 0 0 0 0 0 0 0 0 0 0 0 0 0 0 0 0 0 0 0 0 0 0 0 0 0 0 0 0 0 0 0 0 0 0 0 0 0 0 0 0 0 0 0 0 0 0 
0 0 0 0 0 0 0 0 0 0 0 0 0 0 0 0 0 0 0 0 0 0 0 0 0 0 0 0 0 0 0 0 0 0 0 0 0 0 0 0 0 0 0 0 0 0 0 0 0 0 0 0 0 0 0 0 0 0 0 0 0 0 0 0 0 0 0 0 0 0 0 0 0 0 0 0 0 0 0 0 0 0 0 0 0 0 0 0 0 0 0 0 0 0 0 0 0 0 0 0 
0 0 0 0 0 0 0 0 0 0 0 0 0 0 0 0 0 0 0 0 0 0 0 0 0 0 0 0 0 0 0 0 0 0 0 0 0 0 0 0 0 0 0 0 0 0 0 0 0 0 0 0 0 0 0 0 0 0 0 0 0 0 0 0 0 0 0 0 0 0 0 0 0 0 0 0 0 0 0 0 0 0 0 0 0 0 0 0 0 0 0 0 0 0 0 0 0 0 0 0 
0 0 0 0 0 0 0 0 0 0 0 0 0 0 0 0 0 0 0 0 0 0 0 0 0 0 0 0 0 0 0 0 0 0 0 0 0 0 0 0 0 0 0 0 0 0 0 0 0 0 0 0 0 0 0 0 0 0 0 0 0 0 0 0 0 0 0 0 0 0 0 0 0 0 0 0 0 0 0 0 0 0 0 0 0 0 0 0 0 0 0 0 0 0 0 0 0 0 0 0 
0 0 0 0 0 0 0 0 0 0 0 0 0 0 0 0 0 0 0 0 0 0 0 0 0 0 0 0 0 0 0 0 0 0 0 0 0 0 0 0 0 0 0 0 0 0 0 0 0 0 0 0 0 0 0 0 0 0 0 0 0 0 0 0 0 0 0 0 0 0 0 0 0 0 0 0 0 0 0 0 0 0 0 0 0 0 0 0 0 0 0 0 0 0 0 0 0 0 0 0 
0 0 0 0 0 0 0 0 0 0 0 0 0 0 0 0 0 0 0 0 0 0 0 0 0 0 0 0 0 0 0 0 0 0 0 0 0 0 0 0 0 0 0 0 0 0 0 0 0 0 0 0 0 0 0 0 0 0 0 0 0 0 0 0 0 0 0 0 0 0 0 0 0 0 0 0 0 0 0 0 0 0 0 0 0 0 0 0 0 0 0 0 0 0 0 0 0 0 0 0 
0 0 0 0 0 0 0 0 0 0 0 0 0 0 0 0 0 0 0 0 0 0 0 0 0 0 0 0 0 0 0 0 0 0 0 0 0 0 0 0 0 0 0 0 0 0 0 0 0 0 0 0 0 0 0 0 0 0 0 0 0 0 0 0 0 0 0 0 0 0 0 0 0 0 0 0 0 0 0 0 0 0 0 0 0 0 0 0 0 0 0 0 0 0 0 0 0 0 0 0 
0 0 0 0 0 0 0 0 0 0 0 0 0 0 0 0 0 0 0 0 0 0 0 0 0 0 0 0 0 0 0 0 0 0 0 0 0 0 0 0 0 0 0 0 0 0 0 0 0 0 0 0 0 0 0 0 0 0 0 0 0 0 0 0 0 0 0 0 0 0 0 0 0 0 0 0 0 0 0 0 0 0 0 0 0 0 0 0 0 0 0 0 0 0 0 0 0 0 0 0 
0 0 0 0 0 0 0 0 0 0 0 0 0 0 0 0 0 0 0 0 0 0 0 0 0 0 0 0 0 0 0 0 0 0 0 0 0 0 0 0 0 0 0 0 0 0 0 0 0 0 0 0 0 0 0 0 0 0 0 0 0 0 0 0 0 0 0 0 0 0 0 0 0 0 0 0 0 0 0 0 0 0 0 0 0 0 0 0 0 0 0 0 0 0 0 0 0 0 0 0 
0 0 0 0 0 0 0 0 0 0 0 0 0 0 0 0 0 0 0 0 0 0 0 0 0 0 0 0 0 0 0 0 0 0 0 0 0 0 0 0 0 0 0 0 0 0 0 0 0 0 0 0 0 0 0 0 0 0 0 0 0 0 0 0 0 0 0 0 0 0 0 0 0 0 0 0 0 0 0 0 0 0 0 0 0 0 0 0 0 0 0 0 0 0 0 0 0 0 0 0 
0 0 0 0 0 0 0 0 0 0 0 0 0 0 0 0 0 0 0 0 0 0 0 0 0 0 0 0 0 0 0 0 0 0 0 0 0 0 0 0 0 0 0 0 0 0 0 0 0 0 0 0 0 0 0 0 0 0 0 0 0 0 0 0 0 0 0 0 0 0 0 0 0 0 0 0 0 0 0 0 0 0 0 0 0 0 0 0 0 0 0 0 0 0 0 0 0 0 0 0 
0 0 0 0 0 0 0 0 0 0 0 0 0 0 0 0 0 0 0 0 0 0 0 0 0 0 0 0 0 0 0 0 0 0 0 0 0 0 0 0 0 0 0 0 0 0 0 0 0 0 0 0 0 0 0 0 0 0 0 0 0 0 0 0 0 0 0 0 0 0 0 0 0 0 0 0 0 0 0 0 0 0 0 0 0 0 0 0 0 0 0 0 0 0 0 0 0 0 0 0 
0 0 0 0 0 0 0 0 0 0 0 0 0 0 0 0 0 0 0 0 0 0 0 0 0 0 0 0 0 0 0 0 0 0 0 0 0 0 0 0 0 0 0 0 0 0 0 0 0 0 0 0 0 0 0 0 0 0 0 0 0 0 0 0 0 0 0 0 0 0 0 0 0 0 0 0 0 0 0 0 0 0 0 0 0 0 0 0 0 0 0 0 0 0 0 0 0 0 0 0 
0 0 0 0 0 0 0 0 0 0 0 0 0 0 0 0 0 0 0 0 0 0 0 0 0 0 0 0 0 0 0 0 0 0 0 0 0 0 0 0 0 0 0 0 0 0 0 0 0 0 0 0 0 0 0 0 0 0 0 0 0 0 0 0 0 0 0 0 0 0 0 0 0 0 0 0 0 0 0 0 0 0 0 0 0 0 0 0 0 0 0 0 0 0 0 0 0 0 0 0 
0 0 0 0 0 0 0 0 0 0 0 0 0 0 0 0 0 0 0 0 0 0 0 0 0 0 0 0 0 0 0 0 0 0 0 0 0 0 0 0 0 0 0 0 0 0 0 0 0 0 0 0 0 0 0 0 0 0 0 0 0 0 0 0 0 0 0 0 0 0 0 0 0 0 0 0 0 0 0 0 0 0 0 0 0 0 0 0 0 0 0 0 0 0 0 0 0 0 0 0 
0 0 0 0 0 0 0 0 0 0 0 0 0 0 0 0 0 0 0 0 0 0 0 0 0 0 0 0 0 0 0 0 0 0 0 0 0 0 0 0 0 0 0 0 0 0 0 0 0 0 0 0 0 0 0 0 0 0 0 0 0 0 0 0 0 0 0 0 0 0 0 0 0 0 0 0 0 0 0 0 0 0 0 0 0 0 0 0 0 0 0 0 0 0 0 0 0 0 0 0 
0 0 0 0 0 0 0 0 0 0 0 0 0 0 0 0 0 0 0 0 0 0 0 0 0 0 0 0 0 0 0 0 0 0 0 0 0 0 0 0 0 0 0 0 0 0 0 0 0 0 0 0 0 0 0 0 0 0 0 0 0 0 0 0 0 0 0 0 0 0 0 0 0 0 0 0 0 0 0 0 0 0 0 0 0 0 0 0 0 0 0 0 0 0 0 0 0 0 0 0 
0 0 0 0 0 0 0 0 0 0 0 0 0 0 0 0 0 0 0 0 0 0 0 0 0 0 0 0 0 0 0 0 0 0 0 0 0 0 0 0 0 0 0 0 0 0 0 0 0 0 0 0 0 0 0 0 0 0 0 0 0 0 0 0 0 0 0 0 0 0 0 0 0 0 0 0 0 0 0 0 0 0 0 0 0 0 0 0 0 0 0 0 0 0 0 0 0 0 0 0 
0 0 0 0 0 0 0 0 0 0 0 0 0 0 0 0 0 0 0 0 0 0 0 0 0 0 0 0 0 0 0 0 0 0 0 0 0 0 0 0 0 0 0 0 0 0 0 0 0 0 0 0 0 0 0 0 0 0 0 0 0 0 0 0 0 0 0 0 0 0 0 0 0 0 0 0 0 0 0 0 0 0 0 0 0 0 0 0 0 0 0 0 0 0 0 0 0 0 0 0 
0 0 0 0 0 0 0 0 0 0 0 0 0 0 0 0 0 0 0 0 0 0 0 0 0 0 0 0 0 0 0 0 0 0 0 0 0 0 0 0 0 0 0 0 0 0 0 0 0 0 0 0 0 0 0 0 0 0 0 0 0 0 0 0 0 0 0 0 0 0 0 0 0 0 0 0 0 0 0 0 0 0 0 0 0 0 0 0 0 0 0 0 0 0 0 0 0 0 0 0 
0 0 0 0 0 0 0 0 0 0 0 0 0 0 0 0 0 0 0 0 0 0 0 0 0 0 0 0 0 0 0 0 0 0 0 0 0 0 0 0 0 0 0 0 0 0 0 0 0 0 0 0 0 0 0 0 0 0 0 0 0 0 0 0 0 0 0 0 0 0 0 0 0 0 0 0 0 0 0 0 0 0 0 0 0 0 0 0 0 0 0 0 0 0 0 0 0 0 0 0 
0 0 0 0 0 0 0 0 0 0 0 0 0 0 0 0 0 0 0 0 0 0 0 0 0 0 0 0 0 0 0 0 0 0 0 0 0 0 0 0 0 0 0 0 0 0 0 0 0 0 0 0 0 0 0 0 0 0 0 0 0 0 0 0 0 0 0 0 0 0 0 0 0 0 0 0 0 0 0 0 0 0 0 0 0 0 0 0 0 0 0 0 0 0 0 0 0 0 0 0 
0 0 0 0 0 0 0 0 0 0 0 0 0 0 0 0 0 0 0 0 0 0 0 0 0 0 0 0 0 0 0 0 0 0 0 0 0 0 0 0 0 0 0 0 0 0 0 0 0 0 0 0 0 0 0 0 0 0 0 0 0 0 0 0 0 0 0 0 0 0 0 0 0 0 0 0 0 0 0 0 0 0 0 0 0 0 0 0 0 0 0 0 0 0 0 0 0 0 0 0 
0 0 0 0 0 0 0 0 0 0 0 0 0 0 0 0 0 0 0 0 0 0 0 0 0 0 0 0 0 0 0 0 0 0 0 0 0 0 0 0 0 0 0 0 0 0 0 0 0 0 0 0 0 0 0 0 0 0 0 0 0 0 0 0 0 0 0 0 0 0 0 0 0 0 0 0 0 0 0 0 0 0 0 0 0 0 0 0 0 0 0 0 0 0 0 0 0 0 0 0 
0 0 0 0 0 0 0 0 0 0 0 0 0 0 0 0 0 0 0 0 0 0 0 0 0 0 0 0 0 0 0 0 0 0 0 0 0 0 0 0 0 0 0 0 0 0 0 0 0 0 0 0 0 0 0 0 0 0 0 0 0 0 0 0 0 0 0 0 0 0 0 0 0 0 0 0 0 0 0 0 0 0 0 0 0 0 0 0 0 0 0 0 0 0 0 0 0 0 0 0 
0 0 0 0 0 0 0 0 0 0 0 0 0 0 0 0 0 0 0 0 0 0 0 0 0 0 0 0 0 0 0 0 0 0 0 0 0 0 0 0 0 0 0 0 0 0 0 0 0 0 0 0 0 0 0 0 0 0 0 0 0 0 0 0 0 0 0 0 0 0 0 0 0 0 0 0 0 0 0 0 0 0 0 0 0 0 0 0 0 0 0 0 0 0 0 0 0 0 0 0 
0 0 0 0 0 0 0 0 0 0 0 0 0 0 0 0 0 0 0 0 0 0 0 0 0 0 0 0 0 0 0 0 0 0 0 0 0 0 0 0 0 0 0 0 0 0 0 0 0 0 0 0 0 0 0 0 0 0 0 0 0 0 0 0 0 0 0 0 0 0 0 0 0 0 0 0 0 0 0 0 0 0 0 0 0 0 0 0 0 0 0 0 0 0 0 0 0 0 0 0 
0 0 0 0 0 0 0 0 0 0 0 0 0 0 0 0 0 0 0 0 0 0 0 0 0 0 0 0 0 0 0 0 0 0 0 0 0 0 0 0 0 0 0 0 0 0 0 0 0 0 0 0 0 0 0 0 0 0 0 0 0 0 0 0 0 0 0 0 0 0 0 0 0 0 0 0 0 0 0 0 0 0 0 0 0 0 0 0 0 0 0 0 0 0 0 0 0 0 0 0 
0 0 0 0 0 0 0 0 0 0 0 0 0 0 0 0 0 0 0 0 0 0 0 0 0 0 0 0 0 0 0 0 0 0 0 0 0 0 0 0 0 0 0 0 0 0 0 0 0 0 0 0 0 0 0 0 0 0 0 0 0 0 0 0 0 0 0 0 0 0 0 0 0 0 0 0 0 0 0 0 0 0 0 0 0 0 0 0 0 0 0 0 0 0 0 0 0 0 0 0 
0 0 0 0 0 0 0 0 0 0 0 0 0 0 0 0 0 0 0 0 0 0 0 0 0 0 0 0 0 0 0 0 0 0 0 0 0 0 0 0 0 0 0 0 0 0 0 0 0 0 0 0 0 0 0 0 0 0 0 0 0 0 0 0 0 0 0 0 0 0 0 0 0 0 0 0 0 0 0 0 0 0 0 0 0 0 0 0 0 0 0 0 0 0 0 0 0 0 0 0 
0 0 0 0 0 0 0 0 0 0 0 0 0 0 0 0 0 0 0 0 0 0 0 0 0 0 0 0 0 0 0 0 0 0 0 0 0 0 0 0 0 0 0 0 0 0 0 0 0 0 0 0 0 0 0 0 0 0 0 0 0 0 0 0 0 0 0 0 0 0 0 0 0 0 0 0 0 0 0 0 0 0 0 0 0 0 0 0 0 0 0 0 0 0 0 0 0 0 0 0 
0 0 0 0 0 0 0 0 0 0 0 0 0 0 0 0 0 0 0 0 0 0 0 0 0 0 0 0 0 0 0 0 0 0 0 0 0 0 0 0 0 0 0 0 0 0 0 0 0 0 0 0 0 0 0 0 0 0 0 0 0 0 0 0 0 0 0 0 0 0 0 0 0 0 0 0 0 0 0 0 0 0 0 0 0 0 0 0 0 0 0 0 0 0 0 0 0 0 0 0 
0 0 0 0 0 0 0 0 0 0 0 0 0 0 0 0 0 0 0 0 0 0 0 0 0 0 0 0 0 0 0 0 0 0 0 0 0 0 0 0 0 0 0 0 0 0 0 0 0 0 0 0 0 0 0 0 0 0 0 0 0 0 0 0 0 0 0 0 0 0 0 0 0 0 0 0 0 0 0 0 0 0 0 0 0 0 0 0 0 0 0 0 0 0 0 0 0 0 0 0 
